116.895579	24.306521	-43
113.951068	22.772504	-480
110.00006	40.603564	304
111.846788	21.897821	-388
120.607979	28.022674	-98
120.244238	27.642108	42
113.304118	23.154842	-54
113.924164	23.219795	94
101.692567	36.945368	-195
121.595172	38.977931	-860
117.215115	39.211625	441
117.29184	34.208296	-225
113.268392	22.855112	-114
104.40182	30.763942	546
103.858606	36.042294	-290
111.807038	40.480162	84
116.492689	23.270168	70
113.714688	34.727011	-465
100.300696	24.294623	39
106.520348	29.584038	129
120.713809	32.500059	370
113.899515	22.496365	184
114.277144	26.734914	48
117.789959	36.139838	0
113.816098	23.108165	44
117.999552	24.613994	-616
114.521645	32.202431	80
105.895828	32.423113	-96
114.413938	30.468402	330
123.622729	41.922734	86
119.278829	26.030958	-245
113.7508	23.096938	-280
109.550306	18.759454	-693
117.087296	37.416999	-513
116.616979	35.410712	118
104.680951	23.442143	539
116.011224	36.972677	42
121.662662	31.265527	-196
113.160712	22.311906	-392
113.259499	23.147357	-390
116.490488	39.752985	-112
108.962473	34.245263	720
112.926264	28.357455	-680
106.099789	25.172186	-351
124.919729	46.610268	-14
122.265164	43.626166	24
103.965711	30.759318	198
81.864027	41.799725	230
109.026665	34.999063	-48
117.723772	34.562502	72
121.538642	31.221014	-568
113.616099	23.125	-186
118.539784	32.98618	-459
118.045868	33.910477	174
102.733748	24.999628	240
110.120424	21.814721	-414
113.53721	34.831027	252
103.750423	29.564131	408
108.343693	22.847061	-288
120.974335	31.425611	-285
121.486648	31.273243	0
121.578509	45.415852	-84
120.176218	30.284694	162
113.244533	22.83731	-470
113.882833	22.600005	16
120.861598	32.049926	279
119.601994	31.745735	702
115.550205	34.846048	-380
113.832878	34.025948	-158
113.96713	35.715252	144
110.199547	22.683293	264
106.46486	29.548186	-230
102.782912	24.937195	136
122.036842	37.188304	91
110.042236	40.593977	-60
113.225579	23.470736	-910
113.303911	34.779328	165
124.900308	46.63403	-275
113.726187	34.763102	70
105.918555	34.488574	-136
119.195951	36.717647	47
120.548152	40.445429	12
103.664276	30.931069	-340
118.046192	24.664057	752
87.313148	44.015054	-462
121.404588	37.457301	130
101.211857	25.436678	-72
113.924128	22.545625	-800
108.878912	34.242935	-679
114.245129	30.742	-900
117.196682	35.092336	-22
115.686622	29.687971	-168
113.38943	22.984364	160
113.154963	29.343102	152
116.336689	40.043326	0
116.58314	40.293543	324
103.871946	36.065076	-588
120.696238	30.501609	-60
120.560863	30.640925	-864
115.777431	37.77055	-318
103.40683	23.3597	-234
124.794362	40.729217	384
111.005031	21.540118	-22
112.794518	24.053766	228
109.506441	18.28923	518
118.015658	36.636986	-48
119.184336	34.943714	0
114.244123	22.69433	720
108.349909	22.804557	-126
106.629241	29.711155	-455
106.581181	29.521255	48
114.263939	30.583946	0
113.84196	34.020578	21
123.182658	42.507064	-444
109.305814	24.261247	245
115.958638	34.541096	-91
112.695893	22.383657	-255
119.061564	31.670387	249
108.346603	22.766239	592
116.606783	35.41594	305
121.342874	31.285673	240
118.012281	36.845991	350
123.429054	41.79428	-26
114.082059	32.128462	-77
113.28104	23.054131	-710
114.372122	30.529026	-120
113.495223	23.074605	-192
120.551656	31.441625	-375
126.592051	43.849908	-280
114.609949	33.561748	30
120.405007	36.324941	14
109.382718	24.267424	-280
118.170706	32.674172	752
119.269432	33.433043	153
104.099379	26.245409	84
118.876388	31.773252	-150
111.690258	40.813707	-427
116.093437	35.355328	0
111.440493	27.690723	-60
111.298247	27.698935	840
112.950275	34.172299	-164
104.104841	30.627695	64
105.34373	30.113237	-42
117.247194	31.900168	252
114.931865	36.357763	-69
116.227878	23.433224	-204
112.622439	28.706619	-80
121.576038	31.120998	-68
114.148076	30.628068	-651
114.428581	38.048127	-154
108.947704	34.305244	-90
116.375703	30.85227	760
120.093295	31.793165	702
112.469682	34.150657	472
118.300304	35.003092	168
119.145206	28.076615	-399
114.674115	33.647391	-26
114.283226	31.506408	864
115.047325	26.325752	-760
86.0981	44.312374	-413
124.285543	42.063808	-340
113.271518	23.12112	-36
123.617563	47.23076	49
114.435812	30.60946	-98
113.67466	34.758357	168
116.350074	39.850893	-540
122.447143	36.970817	-435
113.201558	33.768945	82
110.198837	20.344352	217
113.532988	23.852085	344
116.412668	34.936767	-728
106.741385	26.568277	-236
103.894323	30.810307	150
120.679961	31.143168	-432
112.374264	34.680019	297
121.457857	31.22919	675
108.346855	22.810562	-112
118.568368	34.845626	657
114.512357	36.618399	20
116.742472	23.495446	385
112.153191	30.361585	405
119.483364	25.894396	255
103.704735	36.100581	-168
105.639146	30.326327	441
114.461522	22.809171	51
119.790396	33.798703	84
116.647449	33.643499	216
113.00942	28.234725	-9
105.859034	37.011078	588
116.673222	23.482735	-441
109.25735	25.072275	-171
116.431901	39.976948	117
118.796951	32.047455	774
119.991868	28.893313	279
114.938504	25.862368	30
121.871976	29.901115	-800
118.319564	32.325613	-27
119.609908	25.754623	88
109.603979	19.51865	102
108.958673	34.212378	-136
118.794112	32.027077	-324
106.520582	29.513649	350
121.318593	30.227412	126
115.361714	28.865907	-112
117.487158	23.806616	-680
111.323758	30.708287	164
123.52714	41.805983	-310
116.264151	40.123681	13
113.817778	23.122358	144
121.551542	29.800633	-475
113.819557	22.801575	32
103.933408	36.052048	0
118.793591	32.056514	42
108.604884	23.4393	-456
113.091345	28.236316	-18
111.489999	27.65158	855
103.401458	25.898118	-90
123.340274	41.750622	315
117.075654	39.383565	-255
111.309134	23.835195	171
110.433556	34.874668	690
113.682215	34.838649	-28
112.445508	37.685577	88
115.942818	28.660941	60
116.34181	37.480486	520
106.248781	29.456216	120
113.327043	23.041378	-366
104.276929	30.574837	464
114.336145	23.003402	-190
113.19492	23.141243	-490
121.341006	30.322438	315
118.193882	24.489244	-96
109.898947	40.676985	-240
113.587237	30.949514	-177
104.379875	31.155592	480
115.347008	38.764412	-52
126.657079	45.783459	180
117.532361	36.659289	396
101.520919	36.653542	6
121.50006	29.828554	-184
121.525769	31.297708	72
113.634362	34.73597	280
113.97641	22.701582	330
114.019465	22.918772	306
103.984504	30.688165	-340
114.358037	36.11059	164
113.105529	22.852906	160
120.504827	36.314211	30
112.064205	37.455123	294
120.417943	31.913633	-245
108.301014	22.839067	-120
120.366713	27.464139	576
104.079221	30.663379	-219
114.130352	22.545107	-74
109.862045	29.004063	-196
130.351639	46.816811	230
113.612407	23.010421	693
117.019896	36.653593	65
121.640465	38.925981	330
114.299979	30.593024	-120
106.077241	29.827019	-610
114.292353	30.587599	-43
106.329782	38.116598	288
117.94038	40.974879	-48
104.047457	34.448159	100
99.968826	25.672386	356
119.875133	31.815582	413
117.180216	26.90989	304
113.501844	22.229378	-291
104.456446	30.223605	-837
111.582659	39.425966	-930
113.849668	22.897724	-6
126.54807	44.835942	-122
117.847217	36.817495	355
119.678916	29.042816	-84
108.952376	34.236422	260
118.645137	42.325882	357
119.901121	29.453032	231
108.523812	25.923353	-160
103.785807	30.881098	490
107.389037	40.765086	126
120.698583	31.350765	165
119.978788	36.299043	-180
123.787819	41.307084	-54
120.209572	30.182794	190
114.045732	22.629222	405
118.786494	30.943196	-408
113.670114	34.753204	-395
103.857366	30.064645	57
111.546197	24.459818	770
130.578712	46.241894	-910
115.602945	34.427542	-41
111.230505	28.384471	-890
104.953748	28.378647	-142
112.051314	22.919446	-18
110.065744	20.911429	-272
121.453761	31.20029	-320
110.088741	20.923584	153
120.904196	31.959406	14
112.510501	26.91796	50
121.564064	31.20917	-576
119.647134	32.313111	-492
104.834813	29.503992	-203
114.129795	22.601698	-216
121.753615	36.877897	-396
114.477062	38.025497	-93
116.483868	23.598642	-252
125.667065	44.393236	168
116.407386	36.858264	-415
119.459101	32.213811	666
114.968408	22.75695	-400
120.702661	27.944057	-126
121.442568	31.182883	410
122.629859	40.959483	400
117.000888	36.728639	325
113.357199	22.054562	-15
117.033837	25.098962	580
121.317012	31.3424	330
113.263065	23.187418	330
123.434579	41.16338	110
118.238528	25.4884	-168
116.08864	39.40688	747
103.960501	30.786864	-140
110.422614	29.115576	-324
118.714594	32.210145	-315
113.425955	23.430637	-67
110.347471	20.006486	90
120.047769	30.248909	0
118.461335	24.725227	-232
121.358199	31.446493	-69
112.709422	22.373807	105
112.37942	34.606271	16
125.251797	43.849577	-666
120.344201	27.470742	165
118.110996	24.473459	87
117.488066	33.254768	152
99.8885	22.495856	-426
118.050459	36.782992	285
108.37313	22.805215	-18
113.901985	34.804882	0
100.74755	21.701881	-360
112.794276	22.301206	-20
112.936846	28.727622	-108
119.222568	36.441418	-280
120.256284	29.832165	-96
113.047876	22.944583	0
107.393375	29.712386	-128
113.118699	22.628404	-392
114.502565	38.053042	210
103.854609	30.705189	-236
120.545547	27.515926	175
113.194111	27.805359	940
113.14775	23.183208	-392
121.524628	31.223678	-7
121.479138	28.752966	-616
116.410701	39.768945	288
120.783742	30.748185	-153
108.945531	34.211416	-450
110.655635	26.745005	-129
115.8792	28.658064	140
120.2004	36.017958	-45
118.122054	24.434422	-217
129.318902	47.486015	8
116.58004	35.059465	0
107.610927	37.602414	-76
115.444421	28.173071	-165
107.733797	33.2567	0
118.205857	33.770041	-192
111.558791	36.091971	684
118.842827	32.055374	-36
106.484461	28.018217	90
109.090912	21.454102	432
113.37344	23.139523	-208
113.014756	28.190169	-94
121.296827	28.666194	-810
103.858229	30.216357	0
106.531577	29.548296	94
103.88419	30.535045	408
119.939092	31.653983	348
103.600119	29.755751	28
105.4613	28.888016	148
106.95608	27.726239	360
114.490151	38.016514	312
119.571739	30.597322	-576
119.066352	36.726108	315
110.301451	25.28171	154
120.396375	36.185228	-95
120.756667	27.968642	55
117.650021	39.025688	-216
110.0089	40.357459	400
110.312796	20.008669	267
118.232051	39.625161	-177
123.426467	41.841899	-712
113.759631	23.102273	-220
116.349311	39.721074	77
120.383969	36.311579	-504
103.776501	29.60599	-200
114.262295	33.335506	0
110.400013	34.018685	54
113.839759	22.736044	-230
104.103664	30.663324	-276
121.695037	39.091729	-12
113.239979	33.957255	-264
98.400628	36.967443	91
112.095223	31.526194	-18
120.136998	29.424487	-48
117.790462	28.223227	846
121.531869	38.883555	396
116.993135	35.428412	388
105.819832	25.84264	-228
111.097906	35.464367	-686
113.043061	36.545926	-340
113.260712	30.637864	23
115.478332	25.619351	-154
120.376639	31.562323	0
123.397631	41.791584	306
117.79101	34.421452	-205
111.302774	30.692543	-80
104.04098	30.685564	-590
116.972465	35.600247	-18
107.869414	31.090047	190
117.117074	36.189132	-248
106.626339	26.627589	45
108.349595	28.287039	-36
123.400614	41.813417	560
103.810241	30.875209	-24
112.147801	32.025156	-196
131.589836	46.729328	-147
113.27248	23.125997	24
120.293896	30.909305	-28
114.375239	22.75395	46
113.111845	41.037154	460
116.83966	30.749744	-100
111.50607	27.840126	0
81.277721	43.932733	477
130.374986	46.820998	-765
109.563574	24.005736	288
110.419551	21.202871	-132
118.961296	42.275432	-546
113.973993	22.538139	-160
120.725253	36.991372	702
104.818778	34.684798	-164
118.540206	36.519472	380
113.400371	22.356678	60
108.156261	28.245409	-328
112.36193	28.563687	-136
117.588047	34.583152	-96
131.215863	45.085972	0
130.713674	47.587207	0
116.413971	40.072726	450
113.763529	34.391922	14
113.741188	34.37106	45
113.177627	23.444215	-136
122.282762	29.950633	-189
116.43977	23.866461	-200
111.854477	33.04647	-592
113.094894	34.361078	-225
110.513289	24.128716	372
87.595306	43.890357	207
119.380813	25.905414	144
104.539818	30.269295	200
126.414608	47.265041	396
117.027127	32.643767	92
114.58414	38.016052	-44
121.626496	39.214665	-531
114.088653	23.083092	-660
102.716725	24.981362	400
117.832117	24.444102	-184
114.054697	22.659391	98
116.688268	23.335222	-186
121.604784	38.974229	-900
110.76565	31.356509	81
112.208113	27.46103	560
114.100466	22.84239	410
111.502252	30.296529	-388
110.019949	27.607477	-372
118.832335	35.936373	266
119.183815	26.07666	504
103.960618	30.762507	64
118.815249	35.214194	-225
114.380962	30.619227	-553
114.684724	23.11419	-198
106.416621	29.811931	770
115.052211	40.613806	240
120.156338	29.619053	-30
107.413533	40.763426	336
116.51583	40.125543	50
108.909131	34.219341	270
119.386706	29.541863	546
114.187754	22.58363	90
119.053111	33.548826	304
98.291492	39.772883	152
121.732164	29.945626	-15
120.60073	31.935538	49
114.51719	38.048205	-217
118.304428	34.018438	60
116.968665	36.654867	74
103.523915	30.592527	-500
116.640407	23.489928	201
117.61134	38.518714	161
114.898439	33.447225	231
109.48252	28.586161	-161
121.300735	31.258049	-144
114.918014	32.58126	-68
117.936545	33.907219	273
106.093994	28.557389	522
121.471512	31.211772	8
107.400697	40.736871	270
121.520829	31.238144	870
109.040203	21.937848	639
120.178248	30.264967	-51
109.615639	23.111946	126
109.640244	18.265028	440
128.882307	47.7249	-288
117.294777	40.868893	244
121.262359	38.812483	30
114.395442	22.789123	-180
121.498461	31.192877	392
113.851985	23.113035	0
114.178933	22.581118	83
120.017577	36.288033	160
123.406228	41.892663	-768
103.852803	30.377468	290
119.654114	27.092087	104
110.538837	24.923392	-125
117.39651	36.103942	-120
121.124631	31.164592	248
116.762864	25.665555	-164
113.323566	23.125208	68
118.533747	25.086314	310
107.521438	26.290037	-204
120.583914	31.306841	312
127.50004	45.757734	-522
125.692901	42.540602	320
104.169599	35.942035	0
108.879038	18.500466	-340
122.76473	40.861009	350
110.014173	19.739533	-110
121.578994	29.885248	-96
117.210426	39.200184	-216
112.647061	26.898018	-194
112.936944	27.887263	400
113.144175	27.832635	553
108.340818	26.858866	0
113.43271	23.202607	134
86.003751	41.769839	-190
120.845357	31.756804	-534
121.61887	29.809941	288
118.332347	35.073904	300
106.857401	23.462963	92
116.523294	39.889041	-80
116.994177	36.576705	-550
109.403505	25.214118	730
120.818767	27.926177	-12
115.030131	35.226977	86
116.819915	32.788889	0
114.525292	37.983821	48
108.94448	34.13893	800
112.001898	31.785768	-264
116.204683	39.05636	39
115.479284	38.500848	-228
116.939569	32.615944	-616
114.112593	22.557315	448
121.545819	29.88769	396
115.502846	33.869107	205
117.158109	31.800285	664
106.064979	33.800668	-180
114.752941	25.876478	-114
120.153679	30.273326	225
118.393468	25.042463	102
104.027667	30.665072	-153
118.233848	33.452633	144
118.870037	34.116652	-420
120.344965	31.872904	26
114.576181	35.499475	172
110.135776	31.545261	-63
113.802156	35.198717	204
116.838213	36.553682	483
113.331462	35.264414	48
100.109555	26.002962	891
114.549268	30.965803	-252
115.798335	32.887267	0
109.088011	21.470366	46
117.190268	34.204512	-480
117.242765	39.077348	-340
120.16419	30.27657	98
120.103895	30.378808	252
104.121244	30.665173	-455
119.962071	31.652922	44
115.935075	28.562894	-26
114.044834	22.926727	490
98.905987	39.422434	-240
116.603792	23.258457	360
82.321282	43.486412	-632
106.694619	26.335871	480
120.645574	31.312764	-640
119.46396	31.648373	42
111.847722	38.924977	73
118.71622	32.026243	-522
105.193901	34.188694	-369
118.693663	36.774038	54
121.388544	28.442293	-540
118.206432	39.602823	-128
123.488234	41.878774	-112
114.333854	22.778652	-340
114.469723	38.084859	66
115.701273	24.130794	-728
114.221809	30.477887	-30
111.257742	37.91321	18
112.875914	34.156258	240
108.774718	36.829975	544
106.628504	29.56029	30
121.432696	31.144806	370
121.804495	39.034433	670
78.55484	39.788423	-164
121.494068	28.548704	248
115.960695	32.895491	287
103.699633	36.30465	0
118.361165	29.800438	-588
114.574861	30.675307	-228
109.223089	27.740355	-276
114.102595	22.794729	100
118.184755	24.509187	130
103.959773	30.47998	-102
113.135623	27.907911	414
115.484233	38.869026	747
114.66197	37.899843	-256
108.959311	34.262069	498
108.96046	34.270146	0
87.594417	43.819696	-30
103.402653	30.158979	-455
117.331114	36.693958	-465
107.338938	30.877937	-345
120.222005	32.041471	-316
117.168817	34.274479	348
109.379125	24.264871	672
120.994484	40.727652	-192
114.032473	22.62325	-282
112.463493	22.498727	-390
120.133477	30.288943	-712
106.245754	29.561013	702
117.412015	39.555899	756
102.767542	24.99691	-392
116.419477	40.072008	-252
121.623649	29.864273	-18
110.377663	21.272686	10
126.780973	45.190118	25
119.784754	33.007263	372
121.30281	30.21514	-70
116.025786	28.687767	-144
112.100595	34.144615	-36
113.226855	23.131988	-248
104.092049	30.699569	-372
104.208595	29.774798	-19
119.606333	29.060111	330
116.666026	26.259512	350
76.131356	38.982769	360
113.652813	34.734547	0
120.617951	30.664481	456
122.146516	40.180421	-6
114.932863	27.799791	228
114.897936	25.807996	-126
119.303864	26.084675	-10
120.508744	30.087476	-126
113.454863	30.37577	24
100.592206	25.830519	980
117.330611	31.929577	300
118.797391	32.050538	-7
115.108284	30.214196	-165
113.685988	35.110971	190
121.244645	30.198567	0
115.322062	35.233242	-10
103.574158	35.491416	-272
118.922471	33.313364	-32
103.838772	30.692349	-990
104.104841	30.627276	840
108.966165	34.231512	300
112.991525	23.106495	-83
106.985024	26.448616	-390
109.53145	18.301802	-141
115.521935	38.60602	-96
104.167956	30.696836	-475
114.497166	36.587558	348
125.298446	43.925923	-222
120.272876	31.914545	-92
113.309077	40.084236	360
120.707251	27.922179	0
106.520133	29.593884	-48
112.989738	28.158454	305
120.964283	31.386115	-57
119.632626	39.988675	196
117.144697	34.218782	32
117.543428	36.725573	79
121.610911	38.91212	6
114.778228	25.657357	-70
116.260998	37.324294	136
118.857937	31.946438	-81
113.256023	23.164702	3
118.530127	34.150373	-960
106.707537	26.578811	470
117.182812	31.741229	890
118.814396	32.109203	-279
121.809625	39.069771	285
113.262922	23.176214	136
120.233117	33.307284	-576
106.580535	29.565309	-315
121.51198	31.154232	-540
126.694305	45.706839	370
117.210094	34.295917	4
107.342576	34.345983	-480
116.703602	39.518609	-5
121.390961	31.251327	261
114.326381	30.632589	0
119.549084	35.402783	292
114.080496	38.211767	-70
121.438193	30.995672	623
121.498793	31.292585	0
119.153255	36.730078	40
112.571325	37.825674	-516
109.539858	23.439416	504
115.725123	39.147307	-108
107.465402	26.896085	-736
111.798037	22.169931	61
114.431725	34.824975	-345
112.625017	22.35865	0
119.01682	25.448725	-162
112.044137	21.888574	-736
120.96732	30.901939	-790
116.8386	36.553696	-231
118.386138	35.904974	420
120.133737	30.198488	-120
120.910628	32.364133	378
113.458465	23.194037	-171
100.144822	24.442754	168
119.176566	29.029481	1
121.10141	30.878262	-261
117.733842	39.016613	130
123.420601	41.790771	400
121.53698	31.050641	392
118.239301	39.700772	476
109.468991	36.625416	-73
122.252049	40.668305	-152
107.046656	35.634283	-14
105.258804	30.58491	-637
107.206555	22.838818	-155
120.171367	30.267127	234
123.360711	42.748317	-120
116.378982	39.965032	-38
108.646359	24.500433	0
124.8616	46.663996	855
123.520277	41.602829	-60
108.972731	34.320354	0
113.217315	34.335528	4
121.490565	31.268228	284
107.305701	34.345662	532
130.971344	45.298068	-80
109.987924	22.280907	70
113.770797	34.193397	-320
118.70668	43.535796	-122
120.973563	31.376311	-63
121.375366	31.083367	480
120.084645	29.313935	48
120.180584	30.310061	-78
120.136764	30.287906	-45
113.788799	22.743201	0
113.275327	23.131398	0
107.175743	32.060974	56
121.327046	31.122157	390
118.475339	24.717555	-150
107.046432	27.838761	760
108.360419	22.829808	168
118.639963	32.094055	483
109.215974	23.719988	-243
111.350779	24.632118	525
120.77652	27.95016	148
105.719123	33.73995	18
108.443998	34.488969	-9
112.903896	28.303506	92
114.801422	27.19001	-68
114.346817	36.110838	-864
113.549023	22.366621	276
120.393284	30.32748	150
119.951336	30.074233	378
109.010011	35.653577	56
106.405266	30.420493	160
116.508949	39.809322	24
107.443375	28.217761	56
106.518084	29.505516	-292
120.612651	28.029314	225
119.467042	32.713795	136
116.927837	34.741466	90
113.383771	31.73038	351
105.723964	28.581919	152
102.590944	26.636841	-140
103.362822	24.714199	-133
120.165169	30.267361	-84
116.36398	40.049381	-665
121.526829	38.938737	704
120.455753	43.350823	0
113.368931	22.355541	-235
114.277459	30.62235	-270
116.188757	36.148938	-528
121.948503	29.209567	-245
101.360913	23.208063	-420
113.684945	34.846907	-52
114.662149	37.884508	-900
118.679776	37.42233	420
104.149055	29.998773	0
120.883651	27.975134	240
114.307471	30.606919	-246
121.524934	31.234207	-71
106.142745	26.422258	-162
120.553542	31.444367	-50
111.10212	35.189949	-497
121.421683	37.544461	45
116.306956	30.463935	132
103.69524	30.919065	-235
111.537753	36.072019	-648
84.860181	45.608276	140
109.448186	18.296035	810
121.560588	31.011419	-468
79.938383	37.108676	100
110.312545	25.323629	-182
117.632432	24.527877	168
110.853451	32.611907	0
122.152472	37.416412	0
118.128773	37.077933	720
111.640285	40.066376	22
113.542986	22.102288	-120
123.203148	41.792754	-602
114.412043	30.508726	-116
116.227698	39.909273	-59
114.190799	36.691426	-609
103.343149	30.314823	0
100.590238	25.826779	45
120.177511	30.246296	-184
112.503997	23.082435	-342
113.768048	23.003693	-189
102.075595	25.146848	792
112.024374	33.031875	-29
106.545088	29.588977	54
111.676541	40.82219	216
118.781859	32.047952	300
120.143511	32.522873	-18
125.300817	43.853438	-780
113.575972	26.953259	198
113.417547	23.059934	-99
113.135892	27.830663	348
115.56641	34.860274	70
114.247527	22.567444	549
91.046991	29.641374	-558
120.297363	27.757995	-58
103.893514	36.063705	-92
108.792585	30.40904	-375
116.138954	23.306392	47
113.22663	23.415956	0
114.415888	23.07724	-480
104.08638	30.6608	315
118.636046	32.062328	-308
110.15288	35.228768	-582
115.037623	30.159409	-69
120.141364	29.692465	0
113.773213	23.044862	-288
99.181219	25.0772	0
109.854607	40.585841	-106
120.441479	36.164616	-462
114.46569	34.485777	0
117.219697	39.149594	456
113.354728	23.023518	320
116.406093	37.638242	350
87.564216	43.926605	-623
115.324021	35.013817	189
109.473555	26.825632	-400
110.548485	40.563613	-138
119.011134	33.581533	-531
120.669468	31.288697	497
119.659674	29.097131	-135
113.772629	23.007203	-133
112.561453	28.265733	36
113.931881	22.956813	-22
118.264067	35.120633	-441
121.019772	31.257293	198
118.143505	24.537723	440
118.043263	37.36595	-445
115.341466	26.336535	-40
121.868248	29.895166	84
119.944545	32.134662	-310
106.776105	31.86704	312
119.515945	32.212185	255
121.418179	31.237681	-744
104.037827	30.689717	156
108.932811	34.205102	-150
117.85311	39.351914	438
117.126965	34.26732	35
117.15863	35.116404	-651
113.673501	34.747435	-588
126.719969	45.687834	0
117.035823	30.100857	-450
117.852643	31.583697	-990
120.286961	31.796748	750
116.530229	32.340433	-59
121.652933	31.076841	40
120.975458	28.034798	240
87.367549	43.882996	138
118.143182	36.190675	-180
115.080598	30.200416	64
116.662253	40.135356	59
114.285184	30.572334	245
120.621688	27.776414	-36
119.589858	34.212177	480
121.633207	31.266337	-45
113.767706	34.783138	198
113.655427	34.732151	308
121.442568	31.184884	300
114.503185	38.049789	-980
112.667174	32.835331	-740
118.956373	40.412628	-792
117.853397	36.812259	41
118.848468	31.918629	99
113.44278	36.808127	340
110.398782	27.721146	171
110.112358	34.798946	-140
115.664002	34.990148	-215
109.088128	34.218461	0
120.811086	32.02635	-540
109.318983	32.572034	2
120.728505	30.731439	300
110.472569	19.261343	-60
112.16336	23.03461	-126
107.451711	28.796823	25
104.530898	32.414091	290
113.190132	40.043899	27
121.570092	38.975694	270
113.489753	22.953577	80
100.559408	25.481763	621
108.830862	27.179839	-61
120.685342	31.456658	62
120.803406	32.682811	48
114.507317	36.582914	-850
113.019741	28.103639	-7
120.16136	30.284772	-40
120.79895	30.786747	45
116.441414	39.965543	-320
108.981274	34.262934	-516
118.745118	36.887452	-192
113.017001	28.203604	-360
120.553758	30.033775	-65
114.050008	22.712501	64
86.068016	44.303705	-76
113.965621	22.803416	432
113.4646	29.479973	35
113.918685	22.584556	-510
126.40956	44.064045	24
112.900105	29.818418	-300
121.209907	28.878567	64
117.273119	30.417231	-178
116.438432	39.887678	-19
119.136842	25.447453	525
116.577534	39.800515	-390
118.931211	27.988141	552
122.445877	37.158341	0
105.170932	31.63736	51
111.580252	38.710235	-272
120.197678	30.308845	24
117.281312	34.260413	329
108.977914	34.267581	-140
113.312355	34.822234	-624
109.415479	24.310316	285
121.579811	29.886587	610
118.71675	39.753346	225
120.598547	30.292865	-285
116.278551	24.372821	74
114.427251	37.066488	-45
116.367672	23.570176	132
116.496705	33.368762	16
126.461078	43.976298	16
112.044828	37.439782	920
111.248022	23.427363	-378
114.151813	30.495292	-738
114.05467	22.551432	608
125.606026	46.016797	140
114.315951	30.611332	-92
114.472355	37.243066	-224
114.094941	22.546167	360
118.799116	32.056146	-8
119.139205	36.603842	371
112.518424	37.860254	90
116.324877	27.944751	-123
114.5799	38.185756	100
108.542856	23.642191	27
108.01794	35.090254	0
108.983888	24.757109	-623
120.551925	31.439407	192
106.631082	26.466971	-91
114.045849	33.576698	-180
129.133842	47.641269	-90
120.28008	31.897524	56
100.221466	25.419978	4
104.024559	30.657352	-336
113.052601	23.067914	100
121.072942	40.842667	-651
113.338244	23.029314	264
113.331938	33.751492	-148
121.491319	31.18907	-24
113.672711	34.75849	196
114.309196	30.609856	651
113.863969	22.995468	195
123.258053	41.737852	-26
129.404915	44.581266	470
113.227097	23.124094	560
114.391831	23.101525	-140
113.870616	22.933991	330
112.376303	32.533208	-112
103.766476	25.508082	603
101.80419	36.634742	66
117.294517	39.078363	-82
103.826582	36.063041	246
113.215311	23.651277	-198
122.381998	41.186397	-372
104.058443	30.637716	98
109.971836	38.617566	230
119.95457	32.457432	0
110.334625	34.645035	-10
121.468574	30.940787	576
120.697037	28.067626	-62
118.616795	35.014016	210
118.814944	32.091149	592
100.927705	28.744123	195
129.806278	43.024408	520
114.045633	32.982227	0
113.234167	23.093514	14
106.077394	30.874256	18
117.823978	28.408986	-790
117.375418	31.917181	35
115.710005	24.131775	0
120.41196	31.766982	-94
113.153957	27.848527	-344
121.478527	30.851456	920
114.021136	24.94387	26
114.06094	22.539766	0
118.112235	24.472275	0
113.758741	23.062378	21
103.819961	30.658952	25
116.308078	40.056484	215
112.441978	39.326669	-58
108.739711	34.119163	-146
114.36225	33.297161	115
117.197113	39.123911	550
113.358735	23.305147	12
120.071763	29.320871	-105
110.077863	23.37404	-291
120.567502	27.687492	20
105.324093	35.863413	354
104.258954	23.362313	-405
116.953727	31.462072	24
104.047376	30.634159	-216
120.645484	31.49069	264
116.740909	23.406081	-290
107.975684	21.55054	640
117.413758	30.618815	-800
97.015476	33.001752	-910
113.177214	23.468366	-900
119.949773	35.904448	-188
116.430284	39.991522	0
116.806467	39.958962	427
114.162161	33.467888	267
113.245207	22.717093	-648
126.70132	45.776149	-152
118.053091	28.353601	-134
114.857198	22.786424	6
113.506398	24.713263	0
118.836144	32.083815	8
113.719117	28.644054	-248
118.174102	39.807881	-154
114.368996	30.598122	275
117.67582	29.375494	-336
103.693794	30.638563	0
119.42236	32.398689	-160
108.93617	34.35321	-60
121.479641	31.243455	146
111.846195	31.797078	78
120.30207	30.432685	196
114.436127	30.591291	-320
113.636464	23.136773	272
117.191239	39.234663	162
114.482147	36.606746	116
115.111688	35.818354	-288
123.382782	41.821091	96
114.488974	22.552951	-260
120.624814	31.308561	552
112.562468	37.428757	-612
115.31378	38.809278	380
118.640592	24.753606	-114
114.499215	37.075536	-552
121.04417	28.21562	-328
126.325128	44.259401	124
112.500467	34.688798	-690
115.221991	40.385417	-63
114.031673	22.533583	29
115.08747	25.541241	-228
121.566696	29.855362	40
120.265105	30.298883	96
105.938462	29.380317	-273
119.292465	42.052186	0
120.477276	37.597439	792
113.557647	26.797081	392
112.567085	37.908641	-228
111.359026	23.227235	372
114.362591	36.091373	-32
118.003064	32.782423	-156
114.024936	32.981296	0
114.259187	22.697631	292
120.037807	32.455916	-87
114.057697	22.546459	80
121.213087	31.536105	-33
118.423804	39.734011	-450
119.322432	26.07335	282
114.766407	32.356913	273
104.018585	30.780775	-950
118.75244	32.036428	144
121.53875	29.917316	-126
121.370416	31.153576	-82
113.978107	22.543689	56
116.286699	23.303222	-11
117.261953	39.174778	371
112.567588	37.807907	-128
98.524791	25.037422	108
125.298859	43.87193	304
121.335876	30.185955	-504
123.000005	41.119447	-567
110.834631	27.105948	-609
116.584388	39.587262	150
112.947095	22.793588	-776
125.089347	45.533364	-784
120.357613	31.861174	456
123.407755	41.864775	232
114.268269	33.269069	344
101.716642	36.647129	0
113.684451	34.770515	212
115.598166	36.741517	116
105.533694	30.567592	126
106.243365	29.274246	-552
106.524804	29.51904	-50
112.588779	23.040355	-534
118.25503	37.065617	-315
83.619567	45.94191	640
114.517738	38.078717	352
103.163255	23.387574	190
113.832025	22.76983	0
121.561746	29.843475	18
124.351766	42.563576	-55
115.905386	34.948943	39
116.465318	39.961955	110
119.424956	32.4057	-42
117.550543	33.279227	-28
118.799681	32.093428	52
110.968272	26.562348	450
118.359521	34.360668	74
117.092802	36.661323	-315
106.912971	28.849228	230
105.169638	31.638566	-930
109.295124	29.550456	34
111.670109	29.048539	360
109.906502	40.652611	5
118.122422	24.530441	55
117.662624	39.036815	204
117.202764	37.717611	-88
114.010941	22.965033	-256
113.169615	27.865358	266
111.192103	34.783576	245
118.76198	37.147131	-56
117.302036	31.866311	-129
102.783146	24.936433	-10
112.837304	23.09732	-500
113.029946	22.915576	-55
113.698178	34.756748	-90
113.805067	23.09752	456
117.107418	31.497118	-232
116.326027	37.487738	-138
115.95446	28.663167	-15
113.817347	22.70935	-54
120.352286	36.060123	415
128.926756	44.481651	108
113.306373	40.11815	522
115.659744	39.034776	200
109.026944	34.199459	-470
109.808236	40.652714	-960
118.353799	31.012665	0
116.342358	40.042939	576
116.095324	24.307369	-87
116.474373	39.998625	72
120.383682	36.2523	-245
102.904417	37.474529	288
113.266964	22.657056	-294
114.046891	22.5458	-92
112.705721	34.175741	-420
123.380016	41.774519	56
112.38746	31.81816	-246
105.118399	25.63511	-171
102.456836	22.928167	-138
101.769147	36.673076	41
113.111952	28.242489	570
112.541241	28.269225	-51
126.598348	45.706342	32
117.009727	36.672143	390
121.701559	31.279586	-30
120.494443	36.177639	-110
116.823499	34.629465	344
115.406898	27.762086	-720
115.998433	29.711531	104
121.622777	39.012892	80
85.955296	44.255372	355
126.578082	45.725938	850
116.022058	26.466761	-144
119.84583	32.932135	-89
119.070116	29.618017	-252
109.003543	34.275426	-312
113.561752	22.231569	32
108.87867	26.946609	-366
117.819998	30.933516	-74
113.726986	22.793238	46
103.871057	24.887308	490
102.840332	23.635032	-405
116.833201	35.603981	-48
117.963566	33.904927	-34
103.843568	30.702705	0
113.274249	23.131373	-120
119.902423	29.305534	558
120.263812	32.033107	246
113.924173	22.926136	295
120.729197	49.290056	-27
116.370062	39.964347	0
107.968066	22.700282	-30
120.493895	30.755462	469
113.066651	25.999155	-210
106.571839	29.567453	490
113.537417	22.354371	-56
113.178463	23.206568	456
115.441079	30.236617	276
108.050764	24.699254	-32
110.245379	25.216619	115
120.090582	31.703303	-40
110.386062	21.260501	280
119.947464	30.038246	0
126.646623	45.76941	-600
123.452042	41.776698	-120
113.283547	23.145804	-378
120.409687	31.885844	46
109.958352	21.331213	-35
118.180506	39.759829	174
121.726028	29.946213	11
113.894421	34.751202	-272
115.15434	38.701401	70
105.867307	35.349572	-110
118.127605	24.71529	-152
121.655979	31.121902	-74
116.340687	39.976429	356
116.952864	36.662177	0
111.52285	36.109169	120
117.169715	39.098995	28
112.172999	32.154137	-14
113.520816	23.141883	-56
113.27407	23.665982	6
106.302204	38.467922	6
100.903253	22.112794	-78
113.246689	23.081288	0
117.032724	32.652994	15
113.217692	23.040422	-68
113.537174	34.713177	150
100.348828	24.644451	20
117.932637	27.642908	-140
118.797112	31.991299	320
121.451776	31.229221	-98
118.778095	32.073573	800
102.838966	37.251052	-231
117.845061	31.61546	-204
114.823287	39.08568	0
120.325588	32.867907	-83
113.208583	23.396455	-210
108.32155	22.803599	88
120.71716	31.382138	-402
120.455726	36.169577	-360
121.58512	38.938547	-200
121.721339	44.899903	180
114.940615	25.839193	-185
120.139226	29.356442	-46
121.777501	31.055281	-316
118.510463	33.904807	720
120.639726	27.901542	-480
114.056449	22.644424	-45
110.031375	18.515379	549
120.976204	28.116813	91
119.406604	32.373366	12
116.71378	34.226356	168
108.488419	22.919446	280
103.276872	26.211201	-486
120.954034	31.428284	126
99.326969	22.310476	-174
107.35615	30.337486	-552
100.214288	25.619726	-9
104.00768	30.712587	0
114.533027	36.601445	-830
111.132231	38.468954	-26
116.636858	40.333079	34
120.043664	29.283626	-78
118.609852	24.723717	704
113.280465	23.175766	-30
116.877146	39.626043	432
117.57035	26.199045	-558
121.548631	31.272394	318
114.442442	39.807874	-485
116.520627	39.872362	161
116.49065	31.751608	-21
121.48045	31.238244	-315
100.822657	38.450638	156
122.023574	39.620319	-292
108.718556	34.304625	54
112.083869	32.693028	84
102.681511	25.250178	450
116.404637	39.868354	-198
113.38439	31.741298	-603
114.4694	22.861731	128
93.514968	42.854325	680
113.198783	41.450517	-567
87.623064	43.799229	-104
106.04395	28.140801	546
82.996467	41.712972	66
103.841431	36.074645	564
113.932087	22.927201	-500
113.53712	22.19217	86
117.859757	25.698003	305
106.51176	29.617883	581
113.462929	23.105365	-216
116.63569	35.015849	328
114.355845	35.945169	-279
117.231114	29.605825	231
121.438993	31.198978	686
113.936372	32.994992	440
114.133802	23.977855	600
120.522057	36.429252	297
121.261443	31.023133	260
116.233214	36.087443	-120
120.900288	30.974937	-74
118.791157	31.942991	-315
106.066003	31.368534	-308
120.948725	32.039719	0
110.813476	32.596615	46
102.077688	25.145515	-96
121.57408	30.924378	-495
104.562051	27.328869	415
114.053053	22.55492	189
110.836383	35.28183	33
114.55234	38.055536	18
105.992719	34.561298	570
108.206306	24.713181	72
121.492631	31.405341	-378
104.552161	31.319328	5
123.406794	41.772737	651
120.744791	27.990901	58
120.135183	30.266254	-275
103.578865	35.294374	-378
120.390446	30.307037	133
121.426174	31.276661	270
119.750017	41.134711	18
113.531766	22.252519	0
116.543066	35.38031	144
108.272825	33.032593	-128
122.630101	42.330275	0
113.264233	23.138551	608
79.253901	39.952104	207
113.687039	22.917906	-126
113.288155	23.586795	-54
75.821665	39.396328	-60
112.559063	37.830483	-54
116.384776	35.320031	-198
120.251056	30.054682	-348
114.386504	27.792354	12
121.629712	29.882312	-255
117.262223	34.66522	434
103.716674	27.341626	-10
123.425021	41.919419	648
115.735382	28.730433	340
118.906733	29.015213	-329
102.571343	25.070597	222
125.281567	45.714561	-225
116.022956	28.682903	-188
121.419194	29.659854	-92
118.602144	31.153668	84
109.701607	37.15182	-174
118.184836	39.613607	610
121.508558	31.24648	36
119.356909	25.722329	-100
104.698055	31.582267	480
108.793753	29.541737	176
112.925168	32.779456	-116
114.096531	22.55895	21
109.37713	35.977976	-684
110.774705	32.653716	104
117.198533	31.551461	-420
115.73275	34.141104	660
121.169214	36.78357	27
113.426674	22.682235	387
113.178607	23.457924	-216
123.333923	41.811851	80
111.65853	29.445743	-820
114.889429	35.411425	402
112.606081	37.78486	396
115.029547	37.242305	-4
114.054949	22.560102	147
102.719914	24.127092	465
116.612397	35.429125	140
117.313408	39.094151	-585
107.983697	28.152673	440
122.05762	37.203691	-304
121.110977	30.612203	-60
111.76409	34.775089	-99
126.639068	45.611781	-192
110.429953	20.021737	-189
120.70876	30.519919	176
123.444918	41.853096	250
118.30043	35.104179	-366
118.998315	30.032336	135
112.459908	32.96494	-890
115.862465	39.345477	81
115.082403	38.5145	-252
120.152233	32.511509	480
118.739863	25.07477	-100
117.968255	41.153942	-406
120.109627	30.330332	168
115.972247	39.499924	0
105.052517	30.348691	-333
119.957669	31.721588	0
113.356633	22.051639	194
117.137843	39.148657	-710
86.132164	41.766442	150
121.43593	29.341598	-48
115.716104	39.398573	-441
122.36299	39.414072	610
103.427994	24.413003	-25
107.725551	31.366861	-765
117.000537	36.670616	-423
104.097501	30.653904	-62
118.839647	32.035258	-765
118.851828	31.951142	-296
121.617082	39.028085	-56
114.902078	30.456915	112
113.302923	40.051604	2
113.015277	28.340193	550
115.143237	36.099247	-25
104.093738	30.659814	111
120.258673	31.757602	-686
118.11016	24.594117	470
105.684232	37.496542	-2
100.78615	21.965781	117
112.173439	29.420744	-552
120.530456	30.652265	-240
125.979649	47.410995	54
112.003443	27.751745	-380
120.684335	27.830104	-96
113.215482	23.381968	492
112.656745	26.878653	21
113.762847	23.019568	-455
113.354486	23.182186	513
116.70936	38.688193	-56
116.124725	38.102445	-10
115.269287	33.057213	-432
113.495205	31.247576	342
121.084288	31.45424	160
106.498196	29.529262	-43
117.751413	34.572594	-369
126.709046	45.789945	-180
110.32487	20.031297	159
116.441486	39.975469	112
113.25949	23.103088	560
104.345416	30.672744	83
110.33273	30.621301	-540
112.42509	34.694044	-328
113.823554	34.81095	164
122.598059	41.867998	27
119.444476	35.934941	68
112.224696	32.763275	162
113.637766	34.802977	51
111.292614	30.702395	180
120.486807	30.076483	768
103.947808	30.984125	16
120.103024	30.274223	0
114.325554	30.518799	285
121.597391	31.101311	68
108.405954	22.830724	0
111.766955	40.872685	-100
115.169889	28.258471	-320
105.710472	38.844358	-42
84.714108	44.43319	-188
109.021123	34.299466	231
117.776179	24.46684	330
113.304504	33.737826	81
106.428335	29.571843	224
106.851365	29.053512	-96
110.011972	27.116672	110
120.852022	29.978699	-333
104.98845	26.487773	301
121.406061	44.673459	97
110.345989	20.05349	-830
104.250276	35.651245	138
114.899508	25.806963	-70
112.271929	31.469071	42
116.203498	34.982991	25
116.156669	23.443568	900
119.446291	30.897562	328
118.108938	24.478129	-6
106.146159	38.543059	700
104.615725	36.800195	-18
116.404709	39.903434	445
123.56724	40.240396	24
108.224371	22.588226	371
113.022266	28.288478	0
120.668085	31.482984	34
117.664735	24.339942	200
103.946972	22.531454	115
109.161339	33.428855	192
119.115705	35.20699	17
103.643642	30.996616	-203
120.029758	30.28839	238
116.497845	39.899649	-88
104.409007	30.759954	-45
124.977643	44.229818	360
102.731466	25.079884	-680
119.925465	29.182522	219
132.036644	47.254314	-276
117.646078	35.953328	0
114.971049	36.780448	-639
103.624831	36.128302	80
119.024491	33.630334	14
108.5006	31.385167	-296
121.374593	31.182458	282
110.35013	19.995124	-159
120.967993	31.424386	0
116.48173	23.24945	432
103.827722	25.61018	-248
120.618418	31.312178	-204
121.681958	30.868762	440
109.693352	26.577931	-84
121.058875	31.092637	-568
111.576048	21.791122	-248
107.061092	33.075556	-90
103.060408	30.024957	-26
106.704537	26.57646	48
125.695982	42.541758	180
115.798335	32.887267	-48
105.070681	24.058171	-156
114.333235	36.383874	664
117.216688	36.857124	375
115.416771	33.161502	-595
114.286101	33.451669	55
108.30944	22.861023	-152
106.737702	26.566436	496
118.520605	31.711567	60
117.984424	28.470581	-252
103.470269	36.170829	40
114.142219	24.367093	160
113.260074	23.125648	136
112.640836	33.260021	-70
109.440668	24.309081	-100
121.577592	38.917117	0
116.379916	23.084363	66
117.351757	34.814847	-980
110.09794	23.39648	-264
119.458454	32.219646	546
125.321595	48.191542	370
111.749277	27.252091	-153
113.78101	36.007813	-483
103.798869	25.501796	-312
123.662137	47.229843	-185
118.845863	31.919671	-500
118.766363	32.049498	320
121.203673	31.026824	576
121.109117	31.453516	215
117.789869	36.907921	-144
107.110104	24.303351	-140
117.106699	36.656532	41
120.341407	31.575522	-282
112.729589	23.324388	492
80.933607	44.317425	-72
106.044058	32.705182	425
103.947736	30.338865	-792
101.636594	26.603243	-276
104.153259	30.003402	-532
119.665891	31.952995	-1000
121.434519	31.356354	546
118.853849	32.004658	513
114.453122	39.926055	222
113.868146	34.567823	-95
112.862825	26.422072	-432
117.712193	35.868093	142
119.458759	36.080398	396
103.569298	25.437836	273
118.481744	36.705004	-360
108.127749	35.867171	282
116.401547	39.956411	434
86.352958	42.065809	290
116.981394	37.712394	-118
113.131697	35.830697	132
105.610796	25.909379	0
126.532619	43.830317	-140
112.626257	22.341585	0
110.640974	26.736544	184
81.965041	43.563735	-385
119.883667	32.008401	360
113.277025	23.188315	-84
122.123825	30.025653	-217
121.470119	32.119892	-376
121.4399	31.039657	620
115.784196	23.940977	-216
113.054775	23.029081	468
112.188602	30.358796	152
122.974736	41.102699	252
101.825498	36.605986	-144
108.072252	22.843472	66
121.203781	32.300873	248
113.055045	23.721137	-3
119.491053	36.83147	-36
114.953056	27.078988	75
116.141191	27.65314	-580
121.410597	28.71541	168
112.087201	31.95265	-390
113.974344	22.59067	150
121.486989	29.890485	585
103.49234	29.607458	-98
103.383043	23.598121	250
98.801721	24.775106	-444
111.998278	38.449769	84
115.71932	36.725074	182
116.783525	36.097249	162
103.737649	36.112988	-410
118.391177	35.589043	92
113.438145	34.756192	72
119.811668	35.934452	-120
108.724476	34.336787	392
108.257671	27.941416	72
120.413577	36.174114	380
112.401312	26.415132	222
105.775033	26.661115	-176
103.887909	25.309764	-54
106.446229	31.098141	0
116.768352	35.583832	-168
117.276326	39.135134	-50
113.177816	23.037429	-176
118.719885	32.060798	549
110.97474	41.365665	140
114.530368	38.083865	9
106.706522	26.554931	8
117.088948	36.696591	-44
113.18891	22.825336	315
121.551101	29.831899	-170
118.521126	31.719538	-30
89.707851	44.141349	0
104.753256	31.450567	231
103.618211	29.810584	28
118.886593	34.286821	-258
118.01582	24.32357	465
119.90731	29.463835	-42
114.04628	22.634942	624
110.40878	21.229406	-195
127.510227	45.767819	0
108.07898	30.501601	576
114.480108	22.802217	120
113.841457	30.925679	0
118.849897	40.097394	56
117.231303	39.099611	-308
118.981741	34.31322	-54
120.125212	30.278636	-280
112.490541	34.694021	-150
117.180585	28.987011	-558
117.102154	36.142774	200
112.414921	23.110384	0
113.455842	30.375412	312
117.135984	39.78809	224
103.46646	30.41899	55
113.139207	23.150921	200
121.240503	37.534947	-485
102.806681	24.977399	69
117.304488	31.263829	-441
116.443309	33.928893	-459
118.681653	40.987575	195
118.122575	27.330995	-340
114.440438	22.644224	171
104.021702	30.729662	396
120.098308	30.336364	-98
109.14305	18.730835	-220
121.480575	31.239418	-330
122.698803	45.513385	126
120.475632	31.408292	-120
100.655267	23.901527	120
101.470685	36.52011	63
113.616917	23.53222	-86
120.459777	32.540224	-308
100.499447	25.338145	-480
116.553469	39.972248	90
119.462748	32.213559	6
118.907011	42.278141	-56
119.283185	33.794923	-100
110.850585	21.569617	5
119.04526	37.129618	75
114.116914	22.736135	204
104.154346	30.841566	518
117.615508	24.559383	25
113.326315	22.984872	375
114.495244	38.056807	830
113.031563	27.965978	5
102.752657	25.088957	-16
110.516891	22.817933	80
105.07581	29.580795	224
111.348192	30.73608	-56
114.174477	22.721402	36
102.751921	25.059772	-549
115.990231	36.979048	-27
112.310116	30.287127	693
113.328471	38.01812	200
126.315381	45.392912	100
118.101393	24.524343	96
80.307084	41.179942	33
113.021969	34.383514	-485
101.661162	36.67414	0
114.142003	22.820006	320
113.358034	23.186389	-574
115.928886	28.691284	216
110.014388	39.8151	-308
112.415793	29.384464	198
117.227665	34.169962	-44
117.124018	31.812767	416
111.682721	40.817024	-150
116.588763	35.411432	-60
112.67658	37.751785	-244
120.717707	31.725228	-52
113.313119	33.747598	-792
113.106715	23.657914	124
110.293124	18.675935	33
118.701362	33.731649	123
114.671312	22.777053	430
113.712092	34.445695	182
113.350704	30.867057	-88
111.332229	27.731331	325
120.230592	30.260865	657
87.557532	43.892358	-581
103.21806	35.606248	-40
118.159019	24.509475	498
109.009059	34.230676	-207
108.605459	22.412294	144
121.440861	29.66781	-152
113.437588	24.950021	91
116.965764	35.559568	240
121.160895	41.124257	-7
113.884666	23.083482	574
118.845962	32.109104	-296
120.313587	31.578306	670
113.783103	22.779318	12
120.322606	29.298431	160
121.459384	31.206151	-256
111.296145	30.731299	-210
122.974916	39.712742	88
113.481003	22.318108	186
115.892226	28.653468	-46
117.794433	26.403442	-90
109.533112	34.515319	-34
106.57377	29.534942	0
122.122864	30.027482	-189
124.833402	45.123335	61
125.299362	43.902986	77
109.057504	21.788076	-72
114.392208	30.514039	124
109.195547	25.565111	-410
120.656515	28.007845	270
120.874821	31.258257	-238
116.392492	39.567025	104
118.784365	34.119126	-117
113.284885	22.471528	-160
81.553528	43.692717	-114
101.997901	24.078776	-6
120.501324	31.172518	396
121.523056	31.244635	-340
113.294174	33.719173	0
116.309857	38.922402	530
121.615555	31.273768	-560
117.985619	27.6435	-216
110.033756	18.509945	-217
117.015251	39.802927	-237
116.44277	39.427798	-198
106.573088	29.535287	490
117.35411	32.907071	-360
115.733172	33.635173	-990
107.373694	33.130676	-680
117.674931	39.022584	-114
125.023977	44.012454	46
123.328147	41.800155	33
118.890222	32.176503	729
119.121508	26.664554	750
125.840609	44.16043	9
120.524464	27.589669	-198
113.273665	23.144724	55
114.444714	38.05545	348
118.827664	25.299597	124
113.88957	22.570022	-192
120.863745	30.056339	174
108.89554	34.946576	-340
121.180191	28.097154	-900
121.187099	31.903311	504
120.758491	31.29203	-48
106.767409	25.430682	-88
117.420055	33.655452	-104
110.790273	32.628671	-120
114.587455	35.370156	-312
116.945085	36.671817	-261
110.181509	20.335268	108
116.57015	40.068543	140
109.121293	24.467325	360
114.404246	30.603072	-42
117.97015	36.644038	470
113.157523	23.061513	-549
119.298969	29.489146	0
121.450662	28.667248	9
108.343944	22.828076	36
115.912357	28.555874	-252
109.793001	28.672596	-770
111.800256	30.836853	0
109.837925	29.217693	108
130.753163	46.773847	-32
111.254831	23.428291	20
110.121116	32.80662	-29
117.170928	39.107248	32
116.549498	39.923807	0
120.152224	30.301939	250
116.431389	39.924561	372
121.499161	28.653809	-126
114.110509	32.858414	-37
117.514889	35.961413	-530
118.780592	32.047325	196
117.959209	33.904343	-768
119.95121	28.475121	-234
102.810769	36.331745	370
120.903765	30.890504	-36
109.149131	21.42267	-34
106.449086	29.502082	-602
112.755972	37.694771	111
119.839668	33.993936	-108
120.37734	36.235738	174
113.595609	24.793731	-402
113.333969	23.102024	-392
112.315748	39.007782	474
120.681128	27.976873	-30
120.175005	29.339701	-66
115.29735	23.486812	-80
108.963083	34.312751	-414
116.428649	23.24877	24
114.360768	34.821041	0
109.115211	21.458012	-60
120.599185	30.039606	340
109.988328	27.55732	-50
115.410896	35.3561	-490
112.920389	28.22314	0
121.337727	28.418096	-156
113.631002	34.731246	231
117.240879	30.727085	-6
114.211999	22.715793	438
122.996825	41.119142	-564
116.411797	39.955588	200
115.882569	29.001717	56
123.972601	47.309301	-36
115.380174	25.955023	154
106.63481	29.743138	156
118.770702	32.238072	77
121.821384	29.921902	-284
109.029639	34.069507	-216
111.626748	22.817191	56
112.944373	27.849597	-90
115.23799	37.930282	-342
115.517956	33.817511	220
121.091142	28.182249	-104
118.808036	35.597092	180
109.773795	21.627016	0
120.602841	30.009907	-144
112.564264	37.803873	243
121.477764	31.295309	360
112.636228	35.093244	510
125.365801	43.849356	-475
108.547393	32.523032	225
116.498914	39.873912	-800
102.698238	37.827391	-18
114.576999	38.037413	0
117.135103	36.164368	-760
119.717561	29.802537	425
115.553843	28.852384	-980
98.770604	23.698555	71
121.855366	31.032022	-490
115.035126	30.204817	0
106.293239	29.199163	-536
105.379662	24.889414	11
121.62461	38.925545	72
125.993034	46.075442	657
123.921388	41.872	380
103.633428	26.564489	189
108.759788	32.501902	-207
120.822665	31.371687	-630
116.322496	39.751453	71
122.260269	43.628065	-144
111.470946	27.328604	240
114.497571	30.514653	-540
108.129555	36.431749	-21
120.259545	30.300099	-245
114.700462	23.762867	76
113.346159	23.140545	-264
118.415288	35.037723	-72
120.475003	32.545124	-426
116.288504	39.846088	390
105.57525	30.52667	420
116.488153	39.921628	-231
113.343886	23.109187	-41
114.627376	36.837558	96
118.188915	29.791983	-9
118.608046	24.910636	-26
113.812047	34.806779	-270
123.022499	41.112633	-210
109.492949	22.164777	36
124.414863	43.140827	-546
118.129123	24.484681	77
87.602079	43.815357	148
113.114054	23.007793	-371
120.273702	30.198184	368
118.207501	39.697712	270
120.235129	30.864453	-36
114.261891	30.532448	-485
123.481488	41.81054	245
105.647788	30.668209	-280
117.105064	36.687562	0
112.532608	37.880663	282
123.399913	41.947217	-702
118.654524	37.434388	-69
117.233755	34.230535	140
104.551011	30.391332	440
113.89991	22.809937	162
103.974245	30.704693	360
110.284967	33.708971	252
121.604569	37.4196	21
117.287582	39.150293	282
120.658015	31.212537	-520
119.160001	37.036311	-174
105.614802	27.152358	285
116.266334	35.212918	81
120.426989	31.872858	-42
110.270792	39.042231	-639
114.161604	22.62079	460
123.158925	41.686378	760
107.745062	27.310061	56
121.556931	38.894817	-728
112.93548	28.270441	-920
132.711901	45.634178	-990
120.416604	36.064295	378
106.268571	38.471192	-52
103.435837	30.423132	400
120.841377	29.621305	-328
104.568465	33.007444	0
113.665309	27.976562	696
120.280933	31.908353	-29
113.409139	34.790261	102
121.078718	31.566861	-402
104.682029	24.785366	-343
110.594595	19.16494	238
111.017679	21.513523	658
121.213096	28.911906	-81
118.415081	35.00188	-23
119.626123	39.976077	188
121.418997	29.790784	0
120.044481	35.903256	416
87.609032	43.843075	-79
112.206712	25.388662	108
116.941249	34.721916	-372
116.438674	23.266715	528
115.596611	32.640871	-50
121.437035	31.275844	330
116.120243	24.373981	135
116.760465	23.370491	371
114.488408	22.989155	540
117.018135	36.677259	84
107.085508	29.853945	132
103.932456	30.588128	-112
107.325437	24.270553	279
101.720729	26.585725	441
121.436783	28.741882	-790
120.614537	30.665188	432
107.501001	31.219154	-40
121.425321	31.271399	-183
106.37617	30.651946	720
113.604996	24.812362	-126
118.807371	31.948713	-864
115.40618	28.441626	399
114.368161	30.530076	28
117.967437	28.419065	696
114.35271	30.524725	-675
114.45738	38.018078	86
118.318819	32.313378	-736
116.598815	35.415404	-738
